{"class_name": "PinholeCameraTrajectory", "parameters": [{"class_name": "PinholeCameraParameters", "extrinsic": [0.9868278855773893, 0.10506754303160089, -0.12301030708099717, 0.0, 0.15164026385663854, -0.8656591289115098, 0.47711581708182244, 0.0, -0.05635560863257153, -0.4894845083692319, -0.8701890377625908, 0.0, -2.0951155126898104, 1.4074585274832607, 1.1517602246535166, 1.0], "intrinsic": {"height": 480, "intrinsic_matrix": [258.7844, 0.0, 0.0, 0.0, 258.7844, 0.0, 419.5, 239.5, 1.0], "width": 840}, "version_major": 1, "version_minor": 0}, {"class_name": "PinholeCameraParameters", "extrinsic": [0.9868278855773893, 0.10506754303160089, -0.12301030708099717, 0.0, 0.15164026385663854, -0.8656591289115098, 0.47711581708182244, 0.0, -0.05635560863257153, -0.4894845083692319, -0.8701890377625908, 0.0, -2.0951155126898104, 1.4074585274832607, 1.1517602246535166, 1.0], "intrinsic": {"height": 480, "intrinsic_matrix": [258.7844, 0.0, 0.0, 0.0, 258.7844, 0.0, 419.5, 239.5, 1.0], "width": 840}, "version_major": 1, "version_minor": 0}, {"class_name": "PinholeCameraParameters", "extrinsic": [0.9901501852856235, 0.09718304370592941, -0.10078723428539212, 0.0, 0.13386779054256903, -0.8680003554361311, 0.47817862522074417, 0.0, -0.04101250094907617, -0.4869608187306259, -0.8724603921021862, 0.0, -2.0888000832237115, 1.4236548026039562, 1.1067331669897138, 1.0], "intrinsic": {"height": 480, "intrinsic_matrix": [258.7844, 0.0, 0.0, 0.0, 258.7844, 0.0, 419.5, 239.5, 1.0], "width": 840}, "version_major": 1, "version_minor": 0}, {"class_name": "PinholeCameraParameters", "extrinsic": [0.997780190508931, 0.049129105475379714, -0.04495578297783634, 0.0, 0.06505734806300979, -0.8632898923371298, 0.5004978553915651, 0.0, -0.014220861119134141, -0.5023115495225414, -0.8645697625555121, 0.0, -2.072186207549066, 1.5100762587172942, 0.9409936556907128, 1.0], "intrinsic": {"height": 480, "intrinsic_matrix": [258.7844, 0.0, 0.0, 0.0, 258.7844, 0.0, 419.5, 239.5, 1.0], "width": 840}, "version_major": 1, "version_minor": 0}, {"class_name": "PinholeCameraParameters", "extrinsic": [0.9758329063963797, -0.146541867409558, 0.1620975628753068, 0.0, -0.2160192004745728, -0.7587891928086086, 0.6144710456182505, 0.0, 0.032952144396394586, -0.6346372522732804, -0.772107320394451, 0.0, -1.8145758371117877, 1.851874484873181, 0.26410648340248183, 1.0], "intrinsic": {"height": 480, "intrinsic_matrix": [258.7844, 0.0, 0.0, 0.0, 258.7844, 0.0, 419.5, 239.5, 1.0], "width": 840}, "version_major": 1, "version_minor": 0}, {"class_name": "PinholeCameraParameters", "extrinsic": [0.9350224838264687, -0.15896210297034957, 0.3169605725610446, 0.0, -0.31121298059538743, -0.7962962909796308, 0.5187086828664211, 0.0, 0.1699395052597136, -0.5836465255540604, -0.7940260057206922, 0.0, -1.8540842496603207, 1.8823165874043615, 0.07952911502395829, 1.0], "intrinsic": {"height": 480, "intrinsic_matrix": [258.7844, 0.0, 0.0, 0.0, 258.7844, 0.0, 419.5, 239.5, 1.0], "width": 840}, "version_major": 1, "version_minor": 0}, {"class_name": "PinholeCameraParameters", "extrinsic": [0.9850179051814997, 0.03522353165082543, 0.16881655514164876, 0.0, -0.02355521863851069, -0.9422631257152274, 0.33404393961313283, 0.0, 0.17083582219997653, -0.3330157725024653, -0.9273163522325297, 0.0, -2.3403797071256287, 1.4276988674956088, 0.7158897499654999, 1.0], "intrinsic": {"height": 480, "intrinsic_matrix": [258.7844, 0.0, 0.0, 0.0, 258.7844, 0.0, 419.5, 239.5, 1.0], "width": 840}, "version_major": 1, "version_minor": 0}, {"class_name": "PinholeCameraParameters", "extrinsic": [0.8878903618875873, 0.3686790969334921, -0.2751843541181692, 0.0, 0.44354546079954316, -0.844807326788178, 0.29927914195468425, 0.0, -0.12213979478961867, -0.3877838368077193, -0.9136222230437657, 0.0, -2.106168833064607, 0.6627972348290131, 1.6720099140148736, 1.0], "intrinsic": {"height": 480, "intrinsic_matrix": [258.7844, 0.0, 0.0, 0.0, 258.7844, 0.0, 419.5, 239.5, 1.0], "width": 840}, "version_major": 1, "version_minor": 0}, {"class_name": "PinholeCameraParameters", "extrinsic": [0.7145162802210681, 0.5457500218841862, -0.4377480998387753, 0.0, 0.6685947454764687, -0.7169133970790343, 0.19752530827682652, 0.0, -0.20602803600554984, -0.4338111279139916, -0.8771318906969959, 0.0, -1.721314758531972, 0.26608176302930536, 2.0426572709937267, 1.0], "intrinsic": {"height": 480, "intrinsic_matrix": [258.7844, 0.0, 0.0, 0.0, 258.7844, 0.0, 419.5, 239.5, 1.0], "width": 840}, "version_major": 1, "version_minor": 0}, {"class_name": "PinholeCameraParameters", "extrinsic": [0.5467403239319216, 0.6643102910581921, -0.5096732829774361, 0.0, 0.8121618780104166, -0.5687977143611899, 0.1298547035885862, 0.0, -0.20363718249232063, -0.48493401337879627, -0.8505121401690412, 0.0, -1.4226834661366823, -0.014896881025365422, 2.167518621012018, 1.0], "intrinsic": {"height": 480, "intrinsic_matrix": [258.7844, 0.0, 0.0, 0.0, 258.7844, 0.0, 419.5, 239.5, 1.0], "width": 840}, "version_major": 1, "version_minor": 0}, {"class_name": "PinholeCameraParameters", "extrinsic": [0.5482479515987728, 0.6920325943804341, -0.4695903234552808, 0.0, 0.8186596125604414, -0.558853826072899, 0.13220756349797105, 0.0, -0.17094040578557695, -0.4569171581356598, -0.8729296009822869, 0.0, -1.3296120379707497, -0.05280682546657683, 2.0295256350219955, 1.0], "intrinsic": {"height": 480, "intrinsic_matrix": [258.7844, 0.0, 0.0, 0.0, 258.7844, 0.0, 419.5, 239.5, 1.0], "width": 840}, "version_major": 1, "version_minor": 0}, {"class_name": "PinholeCameraParameters", "extrinsic": [0.6693884386996208, 0.6718874678563194, -0.3169958180684844, 0.0, 0.7387980184992697, -0.6468854025392171, 0.18898879290378146, 0.0, -0.07808076585713586, -0.3607027952751395, -0.9294067395300427, 0.0, -1.4195805357273485, 0.024007328540037964, 1.6840853107784663, 1.0], "intrinsic": {"height": 480, "intrinsic_matrix": [258.7844, 0.0, 0.0, 0.0, 258.7844, 0.0, 419.5, 239.5, 1.0], "width": 840}, "version_major": 1, "version_minor": 0}, {"class_name": "PinholeCameraParameters", "extrinsic": [0.6391344071139988, 0.6678020637174095, -0.3815070292115287, 0.0, 0.7595845214329372, -0.6258636431243474, 0.1769916806367319, 0.0, -0.12057596958985203, -0.4029083070748085, -0.9072630994632034, 0.0, -1.2576077002599249, 0.11264635928095659, 1.7216902475843774, 1.0], "intrinsic": {"height": 480, "intrinsic_matrix": [258.7844, 0.0, 0.0, 0.0, 258.7844, 0.0, 419.5, 239.5, 1.0], "width": 840}, "version_major": 1, "version_minor": 0}, {"class_name": "PinholeCameraParameters", "extrinsic": [1.0, 0.0, 0.0, 0.0, 0.0, 1.0, 0.0, 0.0, 0.0, 0.0, 1.0, 0.0, 0.0, 0.0, 100.0, 1.0], "intrinsic": {"height": 480, "intrinsic_matrix": [258.7844, 0.0, 0.0, 0.0, 258.7844, 0.0, 419.5, 239.5, 1.0], "width": 840}, "version_major": 1, "version_minor": 0}, {"class_name": "PinholeCameraParameters", "extrinsic": [0.6683121958840827, 0.6134190217653024, -0.42080388849093897, 0.0, 0.7425638142467403, -0.5837755349883591, 0.3283368796227241, 0.0, -0.044246927621336446, -0.5319052814980822, -0.8456470782250227, 0.0, -1.3182817324977734, 0.37343979047338727, 1.5722935481345905, 1.0], "intrinsic": {"height": 480, "intrinsic_matrix": [258.7844, 0.0, 0.0, 0.0, 258.7844, 0.0, 419.5, 239.5, 1.0], "width": 840}, "version_major": 1, "version_minor": 0}, {"class_name": "PinholeCameraParameters", "extrinsic": [0.787423811252608, 0.5078854671821117, -0.3493080212328731, 0.0, 0.6162523505430643, -0.6357245193726265, 0.4648519935620271, 0.0, 0.014027898009514567, -0.5812974175872888, -0.8135702369087646, 0.0, -1.5084021667529774, 0.6561348966307756, 1.3670922042864653, 1.0], "intrinsic": {"height": 480, "intrinsic_matrix": [258.7844, 0.0, 0.0, 0.0, 258.7844, 0.0, 419.5, 239.5, 1.0], "width": 840}, "version_major": 1, "version_minor": 0}, {"class_name": "PinholeCameraParameters", "extrinsic": [1.0, 0.0, 0.0, 0.0, 0.0, 1.0, 0.0, 0.0, 0.0, 0.0, 1.0, 0.0, 0.0, 0.0, 100.0, 1.0], "intrinsic": {"height": 480, "intrinsic_matrix": [258.7844, 0.0, 0.0, 0.0, 258.7844, 0.0, 419.5, 239.5, 1.0], "width": 840}, "version_major": 1, "version_minor": 0}, {"class_name": "PinholeCameraParameters", "extrinsic": [0.9835229335576317, 0.10202280831296395, 0.14924471766239064, 0.0, -0.012648522832589139, -0.7846879912374868, 0.6197618665889603, 0.0, 0.1803403838199973, -0.6114377343537237, -0.7704681972489468, 0.0, -1.5425504419093488, 1.402544837691102, 0.47280684693202885, 1.0], "intrinsic": {"height": 480, "intrinsic_matrix": [258.7844, 0.0, 0.0, 0.0, 258.7844, 0.0, 419.5, 239.5, 1.0], "width": 840}, "version_major": 1, "version_minor": 0}, {"class_name": "PinholeCameraParameters", "extrinsic": [0.8442126218077043, -0.24467110620464275, 0.476907851653922, 0.0, -0.4825820597988294, -0.7341763634628555, 0.477597762654701, 0.0, 0.23328009932457142, -0.6333412327656027, -0.7378748390737176, 0.0, -1.1087902342168872, 1.936044757712828, 0.11328330838315698, 1.0], "intrinsic": {"height": 480, "intrinsic_matrix": [258.7844, 0.0, 0.0, 0.0, 258.7844, 0.0, 419.5, 239.5, 1.0], "width": 840}, "version_major": 1, "version_minor": 0}, {"class_name": "PinholeCameraParameters", "extrinsic": [0.6922445248187427, -0.4046579850611922, 0.5975361352961753, 0.0, -0.702358992251654, -0.5680084523735184, 0.42902009747269587, 0.0, 0.16579916725277646, -0.7166716913332467, -0.6774159158004995, 0.0, -0.7485376889738099, 2.218746405786011, -0.21155196095545103, 1.0], "intrinsic": {"height": 480, "intrinsic_matrix": [258.7844, 0.0, 0.0, 0.0, 258.7844, 0.0, 419.5, 239.5, 1.0], "width": 840}, "version_major": 1, "version_minor": 0}, {"class_name": "PinholeCameraParameters", "extrinsic": [0.6101189313268118, -0.4979497700011358, 0.6162799008506156, 0.0, -0.7887283733171112, -0.45558708542031423, 0.41273231121729104, 0.0, 0.07524920438896487, -0.7378932403498756, -0.6707094177695648, 0.0, -0.5758030033173126, 2.4276228700345217, -0.4348525087338459, 1.0], "intrinsic": {"height": 480, "intrinsic_matrix": [258.7844, 0.0, 0.0, 0.0, 258.7844, 0.0, 419.5, 239.5, 1.0], "width": 840}, "version_major": 1, "version_minor": 0}, {"class_name": "PinholeCameraParameters", "extrinsic": [1.0, 0.0, 0.0, 0.0, 0.0, 1.0, 0.0, 0.0, 0.0, 0.0, 1.0, 0.0, 0.0, 0.0, 100.0, 1.0], "intrinsic": {"height": 480, "intrinsic_matrix": [258.7844, 0.0, 0.0, 0.0, 258.7844, 0.0, 419.5, 239.5, 1.0], "width": 840}, "version_major": 1, "version_minor": 0}, {"class_name": "PinholeCameraParameters", "extrinsic": [1.0, 0.0, 0.0, 0.0, 0.0, 1.0, 0.0, 0.0, 0.0, 0.0, 1.0, 0.0, 0.0, 0.0, 100.0, 1.0], "intrinsic": {"height": 480, "intrinsic_matrix": [258.7844, 0.0, 0.0, 0.0, 258.7844, 0.0, 419.5, 239.5, 1.0], "width": 840}, "version_major": 1, "version_minor": 0}, {"class_name": "PinholeCameraParameters", "extrinsic": [1.0, 0.0, 0.0, 0.0, 0.0, 1.0, 0.0, 0.0, 0.0, 0.0, 1.0, 0.0, 0.0, 0.0, 100.0, 1.0], "intrinsic": {"height": 480, "intrinsic_matrix": [258.7844, 0.0, 0.0, 0.0, 258.7844, 0.0, 419.5, 239.5, 1.0], "width": 840}, "version_major": 1, "version_minor": 0}, {"class_name": "PinholeCameraParameters", "extrinsic": [1.0, 0.0, 0.0, 0.0, 0.0, 1.0, 0.0, 0.0, 0.0, 0.0, 1.0, 0.0, 0.0, 0.0, 100.0, 1.0], "intrinsic": {"height": 480, "intrinsic_matrix": [258.7844, 0.0, 0.0, 0.0, 258.7844, 0.0, 419.5, 239.5, 1.0], "width": 840}, "version_major": 1, "version_minor": 0}, {"class_name": "PinholeCameraParameters", "extrinsic": [1.0, 0.0, 0.0, 0.0, 0.0, 1.0, 0.0, 0.0, 0.0, 0.0, 1.0, 0.0, 0.0, 0.0, 100.0, 1.0], "intrinsic": {"height": 480, "intrinsic_matrix": [258.7844, 0.0, 0.0, 0.0, 258.7844, 0.0, 419.5, 239.5, 1.0], "width": 840}, "version_major": 1, "version_minor": 0}, {"class_name": "PinholeCameraParameters", "extrinsic": [1.0, 0.0, 0.0, 0.0, 0.0, 1.0, 0.0, 0.0, 0.0, 0.0, 1.0, 0.0, 0.0, 0.0, 100.0, 1.0], "intrinsic": {"height": 480, "intrinsic_matrix": [258.7844, 0.0, 0.0, 0.0, 258.7844, 0.0, 419.5, 239.5, 1.0], "width": 840}, "version_major": 1, "version_minor": 0}, {"class_name": "PinholeCameraParameters", "extrinsic": [1.0, 0.0, 0.0, 0.0, 0.0, 1.0, 0.0, 0.0, 0.0, 0.0, 1.0, 0.0, 0.0, 0.0, 100.0, 1.0], "intrinsic": {"height": 480, "intrinsic_matrix": [258.7844, 0.0, 0.0, 0.0, 258.7844, 0.0, 419.5, 239.5, 1.0], "width": 840}, "version_major": 1, "version_minor": 0}, {"class_name": "PinholeCameraParameters", "extrinsic": [1.0, 0.0, 0.0, 0.0, 0.0, 1.0, 0.0, 0.0, 0.0, 0.0, 1.0, 0.0, 0.0, 0.0, 100.0, 1.0], "intrinsic": {"height": 480, "intrinsic_matrix": [258.7844, 0.0, 0.0, 0.0, 258.7844, 0.0, 419.5, 239.5, 1.0], "width": 840}, "version_major": 1, "version_minor": 0}, {"class_name": "PinholeCameraParameters", "extrinsic": [1.0, 0.0, 0.0, 0.0, 0.0, 1.0, 0.0, 0.0, 0.0, 0.0, 1.0, 0.0, 0.0, 0.0, 100.0, 1.0], "intrinsic": {"height": 480, "intrinsic_matrix": [258.7844, 0.0, 0.0, 0.0, 258.7844, 0.0, 419.5, 239.5, 1.0], "width": 840}, "version_major": 1, "version_minor": 0}, {"class_name": "PinholeCameraParameters", "extrinsic": [1.0, 0.0, 0.0, 0.0, 0.0, 1.0, 0.0, 0.0, 0.0, 0.0, 1.0, 0.0, 0.0, 0.0, 100.0, 1.0], "intrinsic": {"height": 480, "intrinsic_matrix": [258.7844, 0.0, 0.0, 0.0, 258.7844, 0.0, 419.5, 239.5, 1.0], "width": 840}, "version_major": 1, "version_minor": 0}, {"class_name": "PinholeCameraParameters", "extrinsic": [1.0, 0.0, 0.0, 0.0, 0.0, 1.0, 0.0, 0.0, 0.0, 0.0, 1.0, 0.0, 0.0, 0.0, 100.0, 1.0], "intrinsic": {"height": 480, "intrinsic_matrix": [258.7844, 0.0, 0.0, 0.0, 258.7844, 0.0, 419.5, 239.5, 1.0], "width": 840}, "version_major": 1, "version_minor": 0}, {"class_name": "PinholeCameraParameters", "extrinsic": [1.0, 0.0, 0.0, 0.0, 0.0, 1.0, 0.0, 0.0, 0.0, 0.0, 1.0, 0.0, 0.0, 0.0, 100.0, 1.0], "intrinsic": {"height": 480, "intrinsic_matrix": [258.7844, 0.0, 0.0, 0.0, 258.7844, 0.0, 419.5, 239.5, 1.0], "width": 840}, "version_major": 1, "version_minor": 0}, {"class_name": "PinholeCameraParameters", "extrinsic": [1.0, 0.0, 0.0, 0.0, 0.0, 1.0, 0.0, 0.0, 0.0, 0.0, 1.0, 0.0, 0.0, 0.0, 100.0, 1.0], "intrinsic": {"height": 480, "intrinsic_matrix": [258.7844, 0.0, 0.0, 0.0, 258.7844, 0.0, 419.5, 239.5, 1.0], "width": 840}, "version_major": 1, "version_minor": 0}, {"class_name": "PinholeCameraParameters", "extrinsic": [1.0, 0.0, 0.0, 0.0, 0.0, 1.0, 0.0, 0.0, 0.0, 0.0, 1.0, 0.0, 0.0, 0.0, 100.0, 1.0], "intrinsic": {"height": 480, "intrinsic_matrix": [258.7844, 0.0, 0.0, 0.0, 258.7844, 0.0, 419.5, 239.5, 1.0], "width": 840}, "version_major": 1, "version_minor": 0}, {"class_name": "PinholeCameraParameters", "extrinsic": [0.628765211674029, 0.5323622827049395, -0.5667845344941053, 0.0, 0.7636572929018988, -0.5601407465668493, 0.3210449859961625, 0.0, -0.14656687069817997, -0.634691061847194, -0.758739354735883, 0.0, -1.921113787164694, 0.3310159954182683, 2.2273006438443224, 1.0], "intrinsic": {"height": 480, "intrinsic_matrix": [258.7844, 0.0, 0.0, 0.0, 258.7844, 0.0, 419.5, 239.5, 1.0], "width": 840}, "version_major": 1, "version_minor": 0}, {"class_name": "PinholeCameraParameters", "extrinsic": [0.3593707250013295, 0.6367638265671292, -0.6821909638712651, 0.0, 0.9310932732415385, -0.29369727772544485, 0.2163497760133357, 0.0, -0.06259391772669481, -0.7129331933864841, -0.6984327191873057, 0.0, -1.3956663695235416, 0.030520157506978857, 2.3929149753683743, 1.0], "intrinsic": {"height": 480, "intrinsic_matrix": [258.7844, 0.0, 0.0, 0.0, 258.7844, 0.0, 419.5, 239.5, 1.0], "width": 840}, "version_major": 1, "version_minor": 0}, {"class_name": "PinholeCameraParameters", "extrinsic": [0.261497325758283, 0.6628459664982715, -0.7016084187908798, 0.0, 0.9639730589168924, -0.21605462374014273, 0.15516552852652132, 0.0, -0.04873489821140281, -0.7169069843832444, -0.6954633602418223, 0.0, -1.0103503124903304, 0.02553735565572512, 2.3972778779923627, 1.0], "intrinsic": {"height": 480, "intrinsic_matrix": [258.7844, 0.0, 0.0, 0.0, 258.7844, 0.0, 419.5, 239.5, 1.0], "width": 840}, "version_major": 1, "version_minor": 0}, {"class_name": "PinholeCameraParameters", "extrinsic": [0.18467212671953925, 0.6518776624646754, -0.735494200379903, 0.0, 0.9821089043611768, -0.15046815836984118, 0.11323176803034157, 0.0, -0.036855197562501496, -0.7432461547134832, -0.6680021316704385, 0.0, -0.7341476542528204, 0.15787077258478807, 2.343808104717547, 1.0], "intrinsic": {"height": 480, "intrinsic_matrix": [258.7844, 0.0, 0.0, 0.0, 258.7844, 0.0, 419.5, 239.5, 1.0], "width": 840}, "version_major": 1, "version_minor": 0}, {"class_name": "PinholeCameraParameters", "extrinsic": [0.17823777073996572, 0.633711547702069, -0.7527555854264361, 0.0, 0.9836800452433379, -0.13387426842056593, 0.12021334719956722, 0.0, -0.02459401699017516, -0.761897207347492, -0.6472308550775218, 0.0, -0.6707291738931233, 0.30215779392151837, 2.1977200456530506, 1.0], "intrinsic": {"height": 480, "intrinsic_matrix": [258.7844, 0.0, 0.0, 0.0, 258.7844, 0.0, 419.5, 239.5, 1.0], "width": 840}, "version_major": 1, "version_minor": 0}, {"class_name": "PinholeCameraParameters", "extrinsic": [0.17239080653679018, 0.6536717499896705, -0.7368817090191859, 0.0, 0.9841282920382475, -0.14627261694027638, 0.10047798934754215, 0.0, -0.04210599282140809, -0.7425076193540944, -0.6685129172795682, 0.0, -0.5840444791004314, 0.3856643849714064, 2.040319051575082, 1.0], "intrinsic": {"height": 480, "intrinsic_matrix": [258.7844, 0.0, 0.0, 0.0, 258.7844, 0.0, 419.5, 239.5, 1.0], "width": 840}, "version_major": 1, "version_minor": 0}, {"class_name": "PinholeCameraParameters", "extrinsic": [0.12758979029556128, 0.7040723196640694, -0.6985721251919451, 0.0, 0.9917276393419431, -0.08059301903170024, 0.09990522833471899, 0.0, 0.014040469279584467, -0.7055401717593492, -0.7085308259039947, 0.0, -0.7052228655163303, 0.4155751197678034, 1.8756642643268975, 1.0], "intrinsic": {"height": 480, "intrinsic_matrix": [258.7844, 0.0, 0.0, 0.0, 258.7844, 0.0, 419.5, 239.5, 1.0], "width": 840}, "version_major": 1, "version_minor": 0}, {"class_name": "PinholeCameraParameters", "extrinsic": [1.0, 0.0, 0.0, 0.0, 0.0, 1.0, 0.0, 0.0, 0.0, 0.0, 1.0, 0.0, 0.0, 0.0, 100.0, 1.0], "intrinsic": {"height": 480, "intrinsic_matrix": [258.7844, 0.0, 0.0, 0.0, 258.7844, 0.0, 419.5, 239.5, 1.0], "width": 840}, "version_major": 1, "version_minor": 0}, {"class_name": "PinholeCameraParameters", "extrinsic": [1.0, 0.0, 0.0, 0.0, 0.0, 1.0, 0.0, 0.0, 0.0, 0.0, 1.0, 0.0, 0.0, 0.0, 100.0, 1.0], "intrinsic": {"height": 480, "intrinsic_matrix": [258.7844, 0.0, 0.0, 0.0, 258.7844, 0.0, 419.5, 239.5, 1.0], "width": 840}, "version_major": 1, "version_minor": 0}, {"class_name": "PinholeCameraParameters", "extrinsic": [1.0, 0.0, 0.0, 0.0, 0.0, 1.0, 0.0, 0.0, 0.0, 0.0, 1.0, 0.0, 0.0, 0.0, 100.0, 1.0], "intrinsic": {"height": 480, "intrinsic_matrix": [258.7844, 0.0, 0.0, 0.0, 258.7844, 0.0, 419.5, 239.5, 1.0], "width": 840}, "version_major": 1, "version_minor": 0}, {"class_name": "PinholeCameraParameters", "extrinsic": [1.0, 0.0, 0.0, 0.0, 0.0, 1.0, 0.0, 0.0, 0.0, 0.0, 1.0, 0.0, 0.0, 0.0, 100.0, 1.0], "intrinsic": {"height": 480, "intrinsic_matrix": [258.7844, 0.0, 0.0, 0.0, 258.7844, 0.0, 419.5, 239.5, 1.0], "width": 840}, "version_major": 1, "version_minor": 0}, {"class_name": "PinholeCameraParameters", "extrinsic": [1.0, 0.0, 0.0, 0.0, 0.0, 1.0, 0.0, 0.0, 0.0, 0.0, 1.0, 0.0, 0.0, 0.0, 100.0, 1.0], "intrinsic": {"height": 480, "intrinsic_matrix": [258.7844, 0.0, 0.0, 0.0, 258.7844, 0.0, 419.5, 239.5, 1.0], "width": 840}, "version_major": 1, "version_minor": 0}, {"class_name": "PinholeCameraParameters", "extrinsic": [1.0, 0.0, 0.0, 0.0, 0.0, 1.0, 0.0, 0.0, 0.0, 0.0, 1.0, 0.0, 0.0, 0.0, 100.0, 1.0], "intrinsic": {"height": 480, "intrinsic_matrix": [258.7844, 0.0, 0.0, 0.0, 258.7844, 0.0, 419.5, 239.5, 1.0], "width": 840}, "version_major": 1, "version_minor": 0}, {"class_name": "PinholeCameraParameters", "extrinsic": [1.0, 0.0, 0.0, 0.0, 0.0, 1.0, 0.0, 0.0, 0.0, 0.0, 1.0, 0.0, 0.0, 0.0, 100.0, 1.0], "intrinsic": {"height": 480, "intrinsic_matrix": [258.7844, 0.0, 0.0, 0.0, 258.7844, 0.0, 419.5, 239.5, 1.0], "width": 840}, "version_major": 1, "version_minor": 0}, {"class_name": "PinholeCameraParameters", "extrinsic": [1.0, 0.0, 0.0, 0.0, 0.0, 1.0, 0.0, 0.0, 0.0, 0.0, 1.0, 0.0, 0.0, 0.0, 100.0, 1.0], "intrinsic": {"height": 480, "intrinsic_matrix": [258.7844, 0.0, 0.0, 0.0, 258.7844, 0.0, 419.5, 239.5, 1.0], "width": 840}, "version_major": 1, "version_minor": 0}, {"class_name": "PinholeCameraParameters", "extrinsic": [1.0, 0.0, 0.0, 0.0, 0.0, 1.0, 0.0, 0.0, 0.0, 0.0, 1.0, 0.0, 0.0, 0.0, 100.0, 1.0], "intrinsic": {"height": 480, "intrinsic_matrix": [258.7844, 0.0, 0.0, 0.0, 258.7844, 0.0, 419.5, 239.5, 1.0], "width": 840}, "version_major": 1, "version_minor": 0}, {"class_name": "PinholeCameraParameters", "extrinsic": [1.0, 0.0, 0.0, 0.0, 0.0, 1.0, 0.0, 0.0, 0.0, 0.0, 1.0, 0.0, 0.0, 0.0, 100.0, 1.0], "intrinsic": {"height": 480, "intrinsic_matrix": [258.7844, 0.0, 0.0, 0.0, 258.7844, 0.0, 419.5, 239.5, 1.0], "width": 840}, "version_major": 1, "version_minor": 0}, {"class_name": "PinholeCameraParameters", "extrinsic": [1.0, 0.0, 0.0, 0.0, 0.0, 1.0, 0.0, 0.0, 0.0, 0.0, 1.0, 0.0, 0.0, 0.0, 100.0, 1.0], "intrinsic": {"height": 480, "intrinsic_matrix": [258.7844, 0.0, 0.0, 0.0, 258.7844, 0.0, 419.5, 239.5, 1.0], "width": 840}, "version_major": 1, "version_minor": 0}, {"class_name": "PinholeCameraParameters", "extrinsic": [1.0, 0.0, 0.0, 0.0, 0.0, 1.0, 0.0, 0.0, 0.0, 0.0, 1.0, 0.0, 0.0, 0.0, 100.0, 1.0], "intrinsic": {"height": 480, "intrinsic_matrix": [258.7844, 0.0, 0.0, 0.0, 258.7844, 0.0, 419.5, 239.5, 1.0], "width": 840}, "version_major": 1, "version_minor": 0}, {"class_name": "PinholeCameraParameters", "extrinsic": [1.0, 0.0, 0.0, 0.0, 0.0, 1.0, 0.0, 0.0, 0.0, 0.0, 1.0, 0.0, 0.0, 0.0, 100.0, 1.0], "intrinsic": {"height": 480, "intrinsic_matrix": [258.7844, 0.0, 0.0, 0.0, 258.7844, 0.0, 419.5, 239.5, 1.0], "width": 840}, "version_major": 1, "version_minor": 0}, {"class_name": "PinholeCameraParameters", "extrinsic": [1.0, 0.0, 0.0, 0.0, 0.0, 1.0, 0.0, 0.0, 0.0, 0.0, 1.0, 0.0, 0.0, 0.0, 100.0, 1.0], "intrinsic": {"height": 480, "intrinsic_matrix": [258.7844, 0.0, 0.0, 0.0, 258.7844, 0.0, 419.5, 239.5, 1.0], "width": 840}, "version_major": 1, "version_minor": 0}, {"class_name": "PinholeCameraParameters", "extrinsic": [1.0, 0.0, 0.0, 0.0, 0.0, 1.0, 0.0, 0.0, 0.0, 0.0, 1.0, 0.0, 0.0, 0.0, 100.0, 1.0], "intrinsic": {"height": 480, "intrinsic_matrix": [258.7844, 0.0, 0.0, 0.0, 258.7844, 0.0, 419.5, 239.5, 1.0], "width": 840}, "version_major": 1, "version_minor": 0}, {"class_name": "PinholeCameraParameters", "extrinsic": [1.0, 0.0, 0.0, 0.0, 0.0, 1.0, 0.0, 0.0, 0.0, 0.0, 1.0, 0.0, 0.0, 0.0, 100.0, 1.0], "intrinsic": {"height": 480, "intrinsic_matrix": [258.7844, 0.0, 0.0, 0.0, 258.7844, 0.0, 419.5, 239.5, 1.0], "width": 840}, "version_major": 1, "version_minor": 0}, {"class_name": "PinholeCameraParameters", "extrinsic": [1.0, 0.0, 0.0, 0.0, 0.0, 1.0, 0.0, 0.0, 0.0, 0.0, 1.0, 0.0, 0.0, 0.0, 100.0, 1.0], "intrinsic": {"height": 480, "intrinsic_matrix": [258.7844, 0.0, 0.0, 0.0, 258.7844, 0.0, 419.5, 239.5, 1.0], "width": 840}, "version_major": 1, "version_minor": 0}, {"class_name": "PinholeCameraParameters", "extrinsic": [1.0, 0.0, 0.0, 0.0, 0.0, 1.0, 0.0, 0.0, 0.0, 0.0, 1.0, 0.0, 0.0, 0.0, 100.0, 1.0], "intrinsic": {"height": 480, "intrinsic_matrix": [258.7844, 0.0, 0.0, 0.0, 258.7844, 0.0, 419.5, 239.5, 1.0], "width": 840}, "version_major": 1, "version_minor": 0}, {"class_name": "PinholeCameraParameters", "extrinsic": [1.0, 0.0, 0.0, 0.0, 0.0, 1.0, 0.0, 0.0, 0.0, 0.0, 1.0, 0.0, 0.0, 0.0, 100.0, 1.0], "intrinsic": {"height": 480, "intrinsic_matrix": [258.7844, 0.0, 0.0, 0.0, 258.7844, 0.0, 419.5, 239.5, 1.0], "width": 840}, "version_major": 1, "version_minor": 0}, {"class_name": "PinholeCameraParameters", "extrinsic": [1.0, 0.0, 0.0, 0.0, 0.0, 1.0, 0.0, 0.0, 0.0, 0.0, 1.0, 0.0, 0.0, 0.0, 100.0, 1.0], "intrinsic": {"height": 480, "intrinsic_matrix": [258.7844, 0.0, 0.0, 0.0, 258.7844, 0.0, 419.5, 239.5, 1.0], "width": 840}, "version_major": 1, "version_minor": 0}, {"class_name": "PinholeCameraParameters", "extrinsic": [1.0, 0.0, 0.0, 0.0, 0.0, 1.0, 0.0, 0.0, 0.0, 0.0, 1.0, 0.0, 0.0, 0.0, 100.0, 1.0], "intrinsic": {"height": 480, "intrinsic_matrix": [258.7844, 0.0, 0.0, 0.0, 258.7844, 0.0, 419.5, 239.5, 1.0], "width": 840}, "version_major": 1, "version_minor": 0}, {"class_name": "PinholeCameraParameters", "extrinsic": [1.0, 0.0, 0.0, 0.0, 0.0, 1.0, 0.0, 0.0, 0.0, 0.0, 1.0, 0.0, 0.0, 0.0, 100.0, 1.0], "intrinsic": {"height": 480, "intrinsic_matrix": [258.7844, 0.0, 0.0, 0.0, 258.7844, 0.0, 419.5, 239.5, 1.0], "width": 840}, "version_major": 1, "version_minor": 0}, {"class_name": "PinholeCameraParameters", "extrinsic": [1.0, 0.0, 0.0, 0.0, 0.0, 1.0, 0.0, 0.0, 0.0, 0.0, 1.0, 0.0, 0.0, 0.0, 100.0, 1.0], "intrinsic": {"height": 480, "intrinsic_matrix": [258.7844, 0.0, 0.0, 0.0, 258.7844, 0.0, 419.5, 239.5, 1.0], "width": 840}, "version_major": 1, "version_minor": 0}, {"class_name": "PinholeCameraParameters", "extrinsic": [1.0, 0.0, 0.0, 0.0, 0.0, 1.0, 0.0, 0.0, 0.0, 0.0, 1.0, 0.0, 0.0, 0.0, 100.0, 1.0], "intrinsic": {"height": 480, "intrinsic_matrix": [258.7844, 0.0, 0.0, 0.0, 258.7844, 0.0, 419.5, 239.5, 1.0], "width": 840}, "version_major": 1, "version_minor": 0}, {"class_name": "PinholeCameraParameters", "extrinsic": [1.0, 0.0, 0.0, 0.0, 0.0, 1.0, 0.0, 0.0, 0.0, 0.0, 1.0, 0.0, 0.0, 0.0, 100.0, 1.0], "intrinsic": {"height": 480, "intrinsic_matrix": [258.7844, 0.0, 0.0, 0.0, 258.7844, 0.0, 419.5, 239.5, 1.0], "width": 840}, "version_major": 1, "version_minor": 0}, {"class_name": "PinholeCameraParameters", "extrinsic": [1.0, 0.0, 0.0, 0.0, 0.0, 1.0, 0.0, 0.0, 0.0, 0.0, 1.0, 0.0, 0.0, 0.0, 100.0, 1.0], "intrinsic": {"height": 480, "intrinsic_matrix": [258.7844, 0.0, 0.0, 0.0, 258.7844, 0.0, 419.5, 239.5, 1.0], "width": 840}, "version_major": 1, "version_minor": 0}, {"class_name": "PinholeCameraParameters", "extrinsic": [1.0, 0.0, 0.0, 0.0, 0.0, 1.0, 0.0, 0.0, 0.0, 0.0, 1.0, 0.0, 0.0, 0.0, 100.0, 1.0], "intrinsic": {"height": 480, "intrinsic_matrix": [258.7844, 0.0, 0.0, 0.0, 258.7844, 0.0, 419.5, 239.5, 1.0], "width": 840}, "version_major": 1, "version_minor": 0}, {"class_name": "PinholeCameraParameters", "extrinsic": [1.0, 0.0, 0.0, 0.0, 0.0, 1.0, 0.0, 0.0, 0.0, 0.0, 1.0, 0.0, 0.0, 0.0, 100.0, 1.0], "intrinsic": {"height": 480, "intrinsic_matrix": [258.7844, 0.0, 0.0, 0.0, 258.7844, 0.0, 419.5, 239.5, 1.0], "width": 840}, "version_major": 1, "version_minor": 0}, {"class_name": "PinholeCameraParameters", "extrinsic": [1.0, 0.0, 0.0, 0.0, 0.0, 1.0, 0.0, 0.0, 0.0, 0.0, 1.0, 0.0, 0.0, 0.0, 100.0, 1.0], "intrinsic": {"height": 480, "intrinsic_matrix": [258.7844, 0.0, 0.0, 0.0, 258.7844, 0.0, 419.5, 239.5, 1.0], "width": 840}, "version_major": 1, "version_minor": 0}, {"class_name": "PinholeCameraParameters", "extrinsic": [1.0, 0.0, 0.0, 0.0, 0.0, 1.0, 0.0, 0.0, 0.0, 0.0, 1.0, 0.0, 0.0, 0.0, 100.0, 1.0], "intrinsic": {"height": 480, "intrinsic_matrix": [258.7844, 0.0, 0.0, 0.0, 258.7844, 0.0, 419.5, 239.5, 1.0], "width": 840}, "version_major": 1, "version_minor": 0}, {"class_name": "PinholeCameraParameters", "extrinsic": [1.0, 0.0, 0.0, 0.0, 0.0, 1.0, 0.0, 0.0, 0.0, 0.0, 1.0, 0.0, 0.0, 0.0, 100.0, 1.0], "intrinsic": {"height": 480, "intrinsic_matrix": [258.7844, 0.0, 0.0, 0.0, 258.7844, 0.0, 419.5, 239.5, 1.0], "width": 840}, "version_major": 1, "version_minor": 0}, {"class_name": "PinholeCameraParameters", "extrinsic": [1.0, 0.0, 0.0, 0.0, 0.0, 1.0, 0.0, 0.0, 0.0, 0.0, 1.0, 0.0, 0.0, 0.0, 100.0, 1.0], "intrinsic": {"height": 480, "intrinsic_matrix": [258.7844, 0.0, 0.0, 0.0, 258.7844, 0.0, 419.5, 239.5, 1.0], "width": 840}, "version_major": 1, "version_minor": 0}, {"class_name": "PinholeCameraParameters", "extrinsic": [1.0, 0.0, 0.0, 0.0, 0.0, 1.0, 0.0, 0.0, 0.0, 0.0, 1.0, 0.0, 0.0, 0.0, 100.0, 1.0], "intrinsic": {"height": 480, "intrinsic_matrix": [258.7844, 0.0, 0.0, 0.0, 258.7844, 0.0, 419.5, 239.5, 1.0], "width": 840}, "version_major": 1, "version_minor": 0}, {"class_name": "PinholeCameraParameters", "extrinsic": [1.0, 0.0, 0.0, 0.0, 0.0, 1.0, 0.0, 0.0, 0.0, 0.0, 1.0, 0.0, 0.0, 0.0, 100.0, 1.0], "intrinsic": {"height": 480, "intrinsic_matrix": [258.7844, 0.0, 0.0, 0.0, 258.7844, 0.0, 419.5, 239.5, 1.0], "width": 840}, "version_major": 1, "version_minor": 0}, {"class_name": "PinholeCameraParameters", "extrinsic": [1.0, 0.0, 0.0, 0.0, 0.0, 1.0, 0.0, 0.0, 0.0, 0.0, 1.0, 0.0, 0.0, 0.0, 100.0, 1.0], "intrinsic": {"height": 480, "intrinsic_matrix": [258.7844, 0.0, 0.0, 0.0, 258.7844, 0.0, 419.5, 239.5, 1.0], "width": 840}, "version_major": 1, "version_minor": 0}, {"class_name": "PinholeCameraParameters", "extrinsic": [1.0, 0.0, 0.0, 0.0, 0.0, 1.0, 0.0, 0.0, 0.0, 0.0, 1.0, 0.0, 0.0, 0.0, 100.0, 1.0], "intrinsic": {"height": 480, "intrinsic_matrix": [258.7844, 0.0, 0.0, 0.0, 258.7844, 0.0, 419.5, 239.5, 1.0], "width": 840}, "version_major": 1, "version_minor": 0}, {"class_name": "PinholeCameraParameters", "extrinsic": [1.0, 0.0, 0.0, 0.0, 0.0, 1.0, 0.0, 0.0, 0.0, 0.0, 1.0, 0.0, 0.0, 0.0, 100.0, 1.0], "intrinsic": {"height": 480, "intrinsic_matrix": [258.7844, 0.0, 0.0, 0.0, 258.7844, 0.0, 419.5, 239.5, 1.0], "width": 840}, "version_major": 1, "version_minor": 0}, {"class_name": "PinholeCameraParameters", "extrinsic": [1.0, 0.0, 0.0, 0.0, 0.0, 1.0, 0.0, 0.0, 0.0, 0.0, 1.0, 0.0, 0.0, 0.0, 100.0, 1.0], "intrinsic": {"height": 480, "intrinsic_matrix": [258.7844, 0.0, 0.0, 0.0, 258.7844, 0.0, 419.5, 239.5, 1.0], "width": 840}, "version_major": 1, "version_minor": 0}, {"class_name": "PinholeCameraParameters", "extrinsic": [1.0, 0.0, 0.0, 0.0, 0.0, 1.0, 0.0, 0.0, 0.0, 0.0, 1.0, 0.0, 0.0, 0.0, 100.0, 1.0], "intrinsic": {"height": 480, "intrinsic_matrix": [258.7844, 0.0, 0.0, 0.0, 258.7844, 0.0, 419.5, 239.5, 1.0], "width": 840}, "version_major": 1, "version_minor": 0}, {"class_name": "PinholeCameraParameters", "extrinsic": [1.0, 0.0, 0.0, 0.0, 0.0, 1.0, 0.0, 0.0, 0.0, 0.0, 1.0, 0.0, 0.0, 0.0, 100.0, 1.0], "intrinsic": {"height": 480, "intrinsic_matrix": [258.7844, 0.0, 0.0, 0.0, 258.7844, 0.0, 419.5, 239.5, 1.0], "width": 840}, "version_major": 1, "version_minor": 0}, {"class_name": "PinholeCameraParameters", "extrinsic": [1.0, 0.0, 0.0, 0.0, 0.0, 1.0, 0.0, 0.0, 0.0, 0.0, 1.0, 0.0, 0.0, 0.0, 100.0, 1.0], "intrinsic": {"height": 480, "intrinsic_matrix": [258.7844, 0.0, 0.0, 0.0, 258.7844, 0.0, 419.5, 239.5, 1.0], "width": 840}, "version_major": 1, "version_minor": 0}, {"class_name": "PinholeCameraParameters", "extrinsic": [1.0, 0.0, 0.0, 0.0, 0.0, 1.0, 0.0, 0.0, 0.0, 0.0, 1.0, 0.0, 0.0, 0.0, 100.0, 1.0], "intrinsic": {"height": 480, "intrinsic_matrix": [258.7844, 0.0, 0.0, 0.0, 258.7844, 0.0, 419.5, 239.5, 1.0], "width": 840}, "version_major": 1, "version_minor": 0}, {"class_name": "PinholeCameraParameters", "extrinsic": [1.0, 0.0, 0.0, 0.0, 0.0, 1.0, 0.0, 0.0, 0.0, 0.0, 1.0, 0.0, 0.0, 0.0, 100.0, 1.0], "intrinsic": {"height": 480, "intrinsic_matrix": [258.7844, 0.0, 0.0, 0.0, 258.7844, 0.0, 419.5, 239.5, 1.0], "width": 840}, "version_major": 1, "version_minor": 0}, {"class_name": "PinholeCameraParameters", "extrinsic": [1.0, 0.0, 0.0, 0.0, 0.0, 1.0, 0.0, 0.0, 0.0, 0.0, 1.0, 0.0, 0.0, 0.0, 100.0, 1.0], "intrinsic": {"height": 480, "intrinsic_matrix": [258.7844, 0.0, 0.0, 0.0, 258.7844, 0.0, 419.5, 239.5, 1.0], "width": 840}, "version_major": 1, "version_minor": 0}, {"class_name": "PinholeCameraParameters", "extrinsic": [1.0, 0.0, 0.0, 0.0, 0.0, 1.0, 0.0, 0.0, 0.0, 0.0, 1.0, 0.0, 0.0, 0.0, 100.0, 1.0], "intrinsic": {"height": 480, "intrinsic_matrix": [258.7844, 0.0, 0.0, 0.0, 258.7844, 0.0, 419.5, 239.5, 1.0], "width": 840}, "version_major": 1, "version_minor": 0}, {"class_name": "PinholeCameraParameters", "extrinsic": [1.0, 0.0, 0.0, 0.0, 0.0, 1.0, 0.0, 0.0, 0.0, 0.0, 1.0, 0.0, 0.0, 0.0, 100.0, 1.0], "intrinsic": {"height": 480, "intrinsic_matrix": [258.7844, 0.0, 0.0, 0.0, 258.7844, 0.0, 419.5, 239.5, 1.0], "width": 840}, "version_major": 1, "version_minor": 0}, {"class_name": "PinholeCameraParameters", "extrinsic": [1.0, 0.0, 0.0, 0.0, 0.0, 1.0, 0.0, 0.0, 0.0, 0.0, 1.0, 0.0, 0.0, 0.0, 100.0, 1.0], "intrinsic": {"height": 480, "intrinsic_matrix": [258.7844, 0.0, 0.0, 0.0, 258.7844, 0.0, 419.5, 239.5, 1.0], "width": 840}, "version_major": 1, "version_minor": 0}, {"class_name": "PinholeCameraParameters", "extrinsic": [1.0, 0.0, 0.0, 0.0, 0.0, 1.0, 0.0, 0.0, 0.0, 0.0, 1.0, 0.0, 0.0, 0.0, 100.0, 1.0], "intrinsic": {"height": 480, "intrinsic_matrix": [258.7844, 0.0, 0.0, 0.0, 258.7844, 0.0, 419.5, 239.5, 1.0], "width": 840}, "version_major": 1, "version_minor": 0}, {"class_name": "PinholeCameraParameters", "extrinsic": [0.722568720875874, -0.5953163112204551, 0.3514156132084543, 0.0, -0.6729355537493049, -0.4893261633361352, 0.5547230357348198, 0.0, -0.15827881763495738, -0.6373055746418732, -0.7541812914800206, 0.0, -0.03827040606618148, 1.7431884839873573, 0.5976017712403972, 1.0], "intrinsic": {"height": 480, "intrinsic_matrix": [258.7844, 0.0, 0.0, 0.0, 258.7844, 0.0, 419.5, 239.5, 1.0], "width": 840}, "version_major": 1, "version_minor": 0}, {"class_name": "PinholeCameraParameters", "extrinsic": [0.7296182518772697, -0.5736574571940555, 0.37225572975201876, 0.0, -0.6613362134783706, -0.4533527879483001, 0.5975831845037098, 0.0, -0.17404487717151745, -0.6821937931886761, -0.7101549192008721, 0.0, -0.1961858698637391, 1.842667666038186, 0.5311127352957075, 1.0], "intrinsic": {"height": 480, "intrinsic_matrix": [258.7844, 0.0, 0.0, 0.0, 258.7844, 0.0, 419.5, 239.5, 1.0], "width": 840}, "version_major": 1, "version_minor": 0}, {"class_name": "PinholeCameraParameters", "extrinsic": [0.8300105775599748, -0.48216230143548217, 0.2803604041461568, 0.0, -0.5172420731791031, -0.47735717247081855, 0.7103455269261915, 0.0, -0.20866978428114735, -0.734608497749042, -0.645606130828197, 0.0, -0.4052241398798762, 1.8748964830714656, 0.5289758896531652, 1.0], "intrinsic": {"height": 480, "intrinsic_matrix": [258.7844, 0.0, 0.0, 0.0, 258.7844, 0.0, 419.5, 239.5, 1.0], "width": 840}, "version_major": 1, "version_minor": 0}, {"class_name": "PinholeCameraParameters", "extrinsic": [0.8365223021098559, -0.4722924499460638, 0.27779539196461006, 0.0, -0.5095972702501324, -0.48429375876491854, 0.7111752086335408, 0.0, -0.2013481070843232, -0.7364776961628177, -0.6458014732317264, 0.0, -0.4869554098756136, 1.9276223738527016, 0.4737963846675039, 1.0], "intrinsic": {"height": 480, "intrinsic_matrix": [258.7844, 0.0, 0.0, 0.0, 258.7844, 0.0, 419.5, 239.5, 1.0], "width": 840}, "version_major": 1, "version_minor": 0}, {"class_name": "PinholeCameraParameters", "extrinsic": [0.8737450150672025, -0.3925957467169554, 0.28712058147226355, 0.0, -0.4742392306458698, -0.5565585589842835, 0.6821581360196121, 0.0, -0.10801296571073338, -0.7321961144946716, -0.6724745713833928, 0.0, -0.7679962867118183, 1.9517102916130693, 0.4094656087672805, 1.0], "intrinsic": {"height": 480, "intrinsic_matrix": [258.7844, 0.0, 0.0, 0.0, 258.7844, 0.0, 419.5, 239.5, 1.0], "width": 840}, "version_major": 1, "version_minor": 0}, {"class_name": "PinholeCameraParameters", "extrinsic": [0.9216007391054005, -0.3307861058931637, 0.2030581932068118, 0.0, -0.38397993161591637, -0.7006210512610378, 0.6014063141056256, 0.0, -0.05667000791083743, -0.6322267747240027, -0.7727081049953278, 0.0, -1.0185781654808517, 1.9091958090585857, 0.6402876568744136, 1.0], "intrinsic": {"height": 480, "intrinsic_matrix": [258.7844, 0.0, 0.0, 0.0, 258.7844, 0.0, 419.5, 239.5, 1.0], "width": 840}, "version_major": 1, "version_minor": 0}, {"class_name": "PinholeCameraParameters", "extrinsic": [0.9707737403206705, -0.21558401556845141, 0.1054603116589232, 0.0, -0.23635839339135806, -0.7825841940854215, 0.5759311495666191, 0.0, -0.04162997690693033, -0.5840252660622252, -0.8106672767687588, 0.0, -1.2785479391125287, 1.7888048710794984, 0.7695946664797022, 1.0], "intrinsic": {"height": 480, "intrinsic_matrix": [258.7844, 0.0, 0.0, 0.0, 258.7844, 0.0, 419.5, 239.5, 1.0], "width": 840}, "version_major": 1, "version_minor": 0}, {"class_name": "PinholeCameraParameters", "extrinsic": [0.9936493270930261, -0.11049226557653499, -0.021271436607366582, 0.0, -0.084237103537767, -0.8557989720350538, 0.5104039869077363, 0.0, -0.07459976645502502, -0.5053707339285779, -0.8596716211050276, 0.0, -1.4699664415047193, 1.6438969622998565, 1.0092344921419483, 1.0], "intrinsic": {"height": 480, "intrinsic_matrix": [258.7844, 0.0, 0.0, 0.0, 258.7844, 0.0, 419.5, 239.5, 1.0], "width": 840}, "version_major": 1, "version_minor": 0}, {"class_name": "PinholeCameraParameters", "extrinsic": [0.9945630543278249, -0.03980209136584927, -0.09622954062558552, 0.0, 0.002041030654801698, -0.916446596031275, 0.400151809712958, 0.0, -0.1041161138343762, -0.39817261350524064, -0.9113826883886008, 0.0, -1.5653506965098272, 1.5059868501139082, 1.2481308056528853, 1.0], "intrinsic": {"height": 480, "intrinsic_matrix": [258.7844, 0.0, 0.0, 0.0, 258.7844, 0.0, 419.5, 239.5, 1.0], "width": 840}, "version_major": 1, "version_minor": 0}, {"class_name": "PinholeCameraParameters", "extrinsic": [0.9932639353325339, -0.028259702059760368, -0.11237501504881536, 0.0, 0.011077283911608159, -0.9422052776745968, 0.3348529654987063, 0.0, -0.11534317729657673, -0.33384218421528117, -0.9355454812511794, 0.0, -1.557263740644365, 1.4577386561780792, 1.289479113749004, 1.0], "intrinsic": {"height": 480, "intrinsic_matrix": [258.7844, 0.0, 0.0, 0.0, 258.7844, 0.0, 419.5, 239.5, 1.0], "width": 840}, "version_major": 1, "version_minor": 0}, {"class_name": "PinholeCameraParameters", "extrinsic": [0.9971862985224736, -0.013767777833508368, -0.0736880881321757, 0.0, 0.004543955283930902, -0.970080807709581, 0.24273973507422614, 0.0, -0.07482538679770237, -0.24239157330042438, -0.9672887297407741, 0.0, -1.559779157647694, 1.3814920710396297, 1.3019587610082948, 1.0], "intrinsic": {"height": 480, "intrinsic_matrix": [258.7844, 0.0, 0.0, 0.0, 258.7844, 0.0, 419.5, 239.5, 1.0], "width": 840}, "version_major": 1, "version_minor": 0}, {"class_name": "PinholeCameraParameters", "extrinsic": [0.9988443938332738, -0.021140506038669935, -0.04316197298859924, 0.0, -0.012258761232507461, -0.9804237879353677, 0.19651696828393347, 0.0, -0.04647149320695411, -0.19576075974232707, -0.9795499605758871, 0.0, -1.5471143470659827, 1.3250780555472903, 1.2722805927544363, 1.0], "intrinsic": {"height": 480, "intrinsic_matrix": [258.7844, 0.0, 0.0, 0.0, 258.7844, 0.0, 419.5, 239.5, 1.0], "width": 840}, "version_major": 1, "version_minor": 0}, {"class_name": "PinholeCameraParameters", "extrinsic": [0.997233446694914, -0.023359425133050553, -0.07056762749615107, 0.0, -0.017892135657678387, -0.9968598788406171, 0.07713788588934144, 0.0, -0.07214793326623685, -0.07566187425198527, -0.9945199628514689, 0.0, -1.557453399615196, 1.2355302648363609, 1.4300313169764214, 1.0], "intrinsic": {"height": 480, "intrinsic_matrix": [258.7844, 0.0, 0.0, 0.0, 258.7844, 0.0, 419.5, 239.5, 1.0], "width": 840}, "version_major": 1, "version_minor": 0}, {"class_name": "PinholeCameraParameters", "extrinsic": [0.9907189190920611, -0.048671759012315234, -0.12691368416252477, 0.0, -0.04012880347189616, -0.9968076280575356, 0.06902341470996308, 0.0, -0.12986801948505997, -0.06328990852384543, -0.9895093152639197, 0.0, -1.483235935948591, 1.2464326657490092, 1.5028142619190514, 1.0], "intrinsic": {"height": 480, "intrinsic_matrix": [258.7844, 0.0, 0.0, 0.0, 258.7844, 0.0, 419.5, 239.5, 1.0], "width": 840}, "version_major": 1, "version_minor": 0}, {"class_name": "PinholeCameraParameters", "extrinsic": [0.9835741449357261, -0.13868083657133798, -0.11554015311496284, 0.0, -0.1333051532939091, -0.9896536911596425, 0.053059473040938304, 0.0, -0.12170307111672495, -0.03678582800438926, -0.9918846532429003, 0.0, -1.3652057961451425, 1.3268303570880322, 1.5191924845885643, 1.0], "intrinsic": {"height": 480, "intrinsic_matrix": [258.7844, 0.0, 0.0, 0.0, 258.7844, 0.0, 419.5, 239.5, 1.0], "width": 840}, "version_major": 1, "version_minor": 0}, {"class_name": "PinholeCameraParameters", "extrinsic": [0.9712712921294403, -0.16970175003053575, -0.16683342926937886, 0.0, -0.15953508426683025, -0.9845146863777233, 0.07265940541009558, 0.0, -0.17658038954873398, -0.04395620